Webots Project File version R2020a
perspectives: 000000ff00000000fd00000002000000000000011e00000560fc0100000003fb0000000e0043006f006e0073006f006c006501000000000000011e0000005400fffffffb0000001e00480074006d006c0052006f0062006f007400570069006e0064006f00770000000090000000820000000000000000fb0000001a0044006f00630075006d0065006e0074006100740069006f006e0000000000ffffffff0000005400ffffff000000010000027200000560fc0200000001fb0000001400540065007800740045006400690074006f00720100000015000005600000009d00ffffff000009d40000056000000001000000020000000100000008fc00000000
simulationViewPerspectives: 000000ff00000001000000020000014b0000051f0100000006010000000101
sceneTreePerspectives: 000000ff0000000100000002000000c0000001120100000006010000000201
maximizedDockId: -1
centralWidgetVisible: 1
selectionDisabled: 0
viewpointLocked: 0
orthographicViewHeight: 1
textFiles: 1 "../../Webots/projects/samples/devices/controllers/track/track.c" "controllers/Fwd/Fwd.cpp" "controllers/Fwd/libraryA.cpp"
renderingDevicePerspectives: e-puck:camera;1;0.820513;0;0.00496278
